5.769467003454611387e-01 9.716690519561683725e-01
8.053526161356716617e-01 -1.868876113454807919e-02
3.532635018745870492e-01 8.062389659321251845e-01
5.358039261475191495e-01 3.061922015207211301e-01
6.066681419557320293e-02 4.105634237098705341e-01
2.898122903736896627e-01 8.640990394824750176e-01
6.866755832303045315e-01 2.029274698694252810e-02
4.271250284594338975e-01 9.341877751271047137e-01
2.945428131462792809e-01 8.997708212279273976e-01
7.838432312262076929e-01 4.513314053351975830e-02
4.900877746078156072e-01 2.041452053398374322e-01
4.510857901236212109e-01 3.005265698701980459e-01
5.141278487517615403e-01 3.430936491021495116e-01
3.577878159731989749e-01 8.457158501069137468e-01
4.911772717152887435e-01 2.670108011019465266e-01
4.724576901595758938e-01 3.143421620287296103e-01
4.672249541486634961e-01 2.708814961389565124e-01
5.138469458549610458e-01 2.496774813166635909e-01
3.420922556497854594e-01 8.950870590583009934e-01
7.090663762337331422e-01 2.815370102711664199e-02
2.663913123102926162e-01 9.227240012848971773e-01
5.204288274808330783e-01 1.857449385853022217e-01
3.134535784512569312e-01 9.091811711677048047e-01
8.442546398248642614e-01 5.992939227811819314e-02
2.133475366307754917e-01 9.179281777944342524e-01
2.387174402417515384e-01 8.402277365084747096e-01
4.487269187191844089e-01 2.977048919183402642e-01
5.912861300414823384e-01 8.646962453457800457e-01
2.841424077085749067e-01 9.381102091591375647e-01
7.932410470972148797e-01 2.259064642908162335e-03
3.132014813511965201e-01 1.019095294327254875e+00
-1.064249692084648646e-01 1.097374079252506185e+00
5.428420017011056364e-01 4.278293921923436161e-01
-1.236658159445184341e-02 8.750859383676814485e-01
4.579979107120671911e-01 2.736889266381697383e-01
8.401404634405739147e-01 -1.933967140578694149e-02
2.773862305869991274e-01 9.010347311505565449e-01
7.715556946194005450e-01 1.118870197071086120e-02
6.629960040735216609e-01 -7.473648389993876873e-02
4.245065472182381061e-01 8.275268463066709490e-02
4.589205441238407568e-01 3.392562751526332354e-01
7.184618195451579759e-01 7.707284014029683328e-02
4.717411859016590880e-01 2.515055582349219332e-01
5.814079424472556878e-01 6.116846396007592501e-01
6.068225844109669254e-01 2.523017399170442987e-01
2.832445609763770689e-01 8.564556559551509407e-01
6.052447856633444978e-01 7.610622829611940476e-01
3.269163934401987381e-01 8.758619395021548515e-01
8.328677479831054775e-01 1.123652410006929919e-01
2.915184618806165306e-01 8.549457392449361093e-01
7.858633117429999482e-01 2.669739697120333474e-02
5.087232865800592752e-01 8.987948301702657350e-01
7.767512694739371337e-01 9.732336446386646855e-02
4.815666543652625808e-01 1.883222597800748854e-01
7.950384644895562847e-01 8.664502007527383198e-02
2.518924350606684404e-01 8.722865500962031504e-01
7.566790778422082253e-01 -9.334944447247930932e-03
4.870323495091289367e-01 1.835605306660149649e-01
7.564637790980711651e-01 5.433852579982072217e-02
7.858939063369660971e-01 1.513819899537366398e-01
2.761068089105245815e-01 8.772594298674237789e-01
4.245824251262227955e-01 3.185273219762774777e-01
7.423625829280146027e-01 5.774680653566448274e-03
8.429886654944668267e-01 3.143326656430336929e-02
4.437415358016704170e-01 2.204740856008002570e-01
4.046892678076586258e-01 9.795038863311462674e-01
7.785893759823252491e-01 -5.327422855764905180e-03
4.715256122595915533e-01 1.760392954972816726e-01
8.526320836024443572e-01 -3.839140000548701970e-02
2.445068226381971743e-01 8.571343763697341078e-01
